[gd_scene load_steps=11 format=3 uid="uid://bcsl8gjdsgspj"]

[ext_resource type="PackedScene" uid="uid://dvf8ffi4w57iy" path="res://Scenes/hunk_prototype.tscn" id="1_nmhf3"]
[ext_resource type="PackedScene" uid="uid://d2acv0st4ulwn" path="res://Scenes/zombie_character.tscn" id="2_5wreu"]
[ext_resource type="PackedScene" uid="uid://djtdqi38hvobd" path="res://CameraExperimentScene.tscn" id="3_ktkxr"]
[ext_resource type="Script" path="res://CameraExperiment.gd" id="4_n4rlk"]

[sub_resource type="ProceduralSkyMaterial" id="ProceduralSkyMaterial_4axbn"]
sky_horizon_color = Color(0.64625, 0.65575, 0.67075, 1)
ground_horizon_color = Color(0.64625, 0.65575, 0.67075, 1)

[sub_resource type="Sky" id="Sky_cyvas"]
sky_material = SubResource("ProceduralSkyMaterial_4axbn")

[sub_resource type="Environment" id="Environment_5nbjp"]
background_mode = 2
sky = SubResource("Sky_cyvas")
tonemap_mode = 2
glow_enabled = true

[sub_resource type="PlaneMesh" id="PlaneMesh_uiski"]
size = Vector2(20, 30)

[sub_resource type="ConcavePolygonShape3D" id="ConcavePolygonShape3D_na27u"]
data = PackedVector3Array(10, 0, 15, -10, 0, 15, 10, 0, -15, -10, 0, 15, -10, 0, -15, 10, 0, -15)

[sub_resource type="BoxShape3D" id="BoxShape3D_ymsbs"]
size = Vector3(19.4968, 1, 0.173706)

[node name="Experiment_World" type="Node3D"]

[node name="WorldEnvironment" type="WorldEnvironment" parent="."]
environment = SubResource("Environment_5nbjp")

[node name="DirectionalLight3D" type="DirectionalLight3D" parent="."]
transform = Transform3D(-0.866023, -0.433016, 0.250001, 0, 0.499998, 0.866027, -0.500003, 0.749999, -0.43301, 0, 0, 0)
shadow_enabled = true

[node name="MeshInstance3D" type="MeshInstance3D" parent="."]
transform = Transform3D(1, 0, 0, 0, 1, 0, 0, 0, 1, -0.092561, 0, -0.104725)
mesh = SubResource("PlaneMesh_uiski")

[node name="StaticBody3D" type="StaticBody3D" parent="MeshInstance3D"]

[node name="CollisionShape3D" type="CollisionShape3D" parent="MeshInstance3D/StaticBody3D"]
shape = SubResource("ConcavePolygonShape3D_na27u")

[node name="camera1" type="Camera3D" parent="."]
transform = Transform3D(-0.9996, 0, -0.0282707, 0, 1, 0, 0.0282707, 0, -0.9996, 0, 2.43783, -11.6275)

[node name="Hunk_Prototype" parent="." groups=["player"] instance=ExtResource("1_nmhf3")]
transform = Transform3D(-0.999418, 0, 0.0340972, 0, 1, 0, -0.0340972, 0, -0.999418, 0, 0, -7.58792)

[node name="zombieCharacter" parent="." instance=ExtResource("2_5wreu")]
transform = Transform3D(1, 0, 0, 0, 1, 0, 0, 0, 1, 0, 0, 2.29913)

[node name="Area3D" parent="." instance=ExtResource("3_ktkxr")]

[node name="Area3D2" type="Area3D" parent="."]
transform = Transform3D(1, 0, 0, 0, 1, 0, 0, 0, 1, -0.228012, 0, -6.81891)

[node name="CollisionShape3D" type="CollisionShape3D" parent="Area3D2"]
shape = SubResource("BoxShape3D_ymsbs")

[node name="camera2" type="Camera3D" parent="Area3D2"]
transform = Transform3D(-0.661562, -0.240121, 0.710406, -0.0796087, 0.964483, 0.251865, -0.745653, 0.11007, -0.657181, 3.96572, 2.70882, -0.507287)
script = ExtResource("4_n4rlk")

[connection signal="body_entered" from="Area3D2" to="Area3D2/camera2" method="_on_area_3d_body_entered"]
