[gd_scene load_steps=3 format=3 uid="uid://ba224doiek1ng"]

[ext_resource type="PackedScene" uid="uid://ci01pxtgdrx48" path="res://Model_Assets/Character Assets/Hunk_Prototype.glb" id="1_2qlk6"]
[ext_resource type="PackedScene" uid="uid://doslife4feqc3" path="res://Model_Assets/Building Assets/room/dea/Psx House.dae" id="2_crw0k"]

[node name="world" type="Node3D"]

[node name="map" type="Node3D" parent="."]
transform = Transform3D(0.995158, 0, 0, 0, 0.995158, 0, 0, 0, 0.995158, 0, 0, 0)

[node name="CSGBox3D" type="CSGBox3D" parent="map"]
transform = Transform3D(45.2483, 0, 0, 0, 1.51745, 0, 0, 0, 31.8299, 0, 0, 0)

[node name="WorldEnvironment" type="WorldEnvironment" parent="map"]

[node name="DirectionalLight3D" type="DirectionalLight3D" parent="map"]
transform = Transform3D(1.00487, 0, 0, 0, -0.0419042, 1.00399, 0, -1.00399, -0.0419042, -3.65215, 3.77084, 1.86937)
light_color = Color(0.384314, 0.552941, 0.592157, 1)

[node name="Hunk_Prototype" parent="." instance=ExtResource("1_2qlk6")]
transform = Transform3D(-0.888969, 0, -0.457967, 0, 1, 0, 0.457967, 0, -0.888969, -1.2934, 0.791212, 7.91814)

[node name="Psx House" parent="." instance=ExtResource("2_crw0k")]
transform = Transform3D(1, 0, 0, 0, 0.93974, 0, 0, 0, 1, 2.81237, -9.53674e-07, 3.23473)

[node name="Camera3D" type="Camera3D" parent="."]
transform = Transform3D(-0.577119, -0.233608, 0.782535, -0.0188841, 0.961775, 0.273189, -0.816442, 0.142885, -0.55947, 5.0814, 3.07815, -5.16607)

[node name="Camera3D2" type="Camera3D" parent="."]
transform = Transform3D(0.978914, -0.0857497, 0.185402, -0.0209606, 0.860667, 0.508737, -0.203193, -0.501896, 0.840722, -1.3726, 3.46084, 8.59244)
